Wdedtrdemdm der 6666111116 11161 1666611161 Between. 27

-Reeeesmfe 1161661111161166 66 161 11666116 161161 11661161611
Ρ666161. , ¹

· 111666 1116661166 1616111661 6161 6161 116 16116 1861111 1611611
16116111 eheh'eher Gemeineehaft‚ 161666 66661 116161, 6166 161661
1161616166166 ihrer 111611161616161666616611611 111 11661661 116
16116 1866 611111 161 66116, 61111111 16 66166616111611166111116161
seiae 161 1611616666161666 Wiedervereinigung 111 6611 1166611611
μ161116661116 61611616 (166611661611 mit 661161 661111, 661661 16166
61611 6611666161,1616611611 161611611611161116166 61 161
6661616161661 11 6161111166.

Wenn 111 1161161111 resp. Wittwe 1161616116 1862 6666161616
1116166616111611666611611 11116161 11166 1116661166 161 dem 6661,-
6616611116116161 6666161, 611-166 Beweis 1161111 1111661, sollte 16
61611161661161 166116661161166 6111611 werden: »die 11166161116666
1116661166 16116116 186061666661661666861611666661 durch die im

J . 16116 1868 6666161666 Wiederwereinigung ausser Wirkeamkeit ge·-

66111 worden und 6616611666 1116661166 616 111 1116161 16166166
111666666616616116161666611661611 161611. 6616666 11 1616611661
1166611616, 11616 116111161111616161111116 6661 166116166111166 166
1616161161616166 6116 661616 8661616116 161 11116116 61161 Peneion
161161116666 66161161161.

Wie 161 166 1116666611 1611666166, 1666 derjenige 11611611,
eus 166666 1666111166 1611 anderen 1116116116 116 861611111616111-

11661 1161166161, 161616161,1666 116 611616 161 666666616616666 ¹

661611166 61611 16611 161161166 66166, 61611666 1611166661611611

661 66 Scheidudgsgrdnde 16616111 mehr 1666-1166161116661-· ,

1616161666 161616116166 (166616661611166 1611 1166666116 16661111

111666 Frage 166616 161 166 under der Η611661611 166 1611116161
111666661166 11166616 6611666666 61616161661116166 66161116666 11611
66616111 werden, weil bei 16161616161 1116161616666 6116 1611111161 161
116161111611611166111611161116, 161 se wie beide 1116661166 116616111-
661161,16661616616 1116161, 66 1116616 66 6661 111611 116161616-
16616161 11611666661161166, 61 661 11661 616 116 61611616 6611616·
661611 1116161 61161616 6611161

1161161 161 nield 66666111116161 86161116666, welche 16161
116 1161116166 (16116116 161111166111161166,161 6116 1611161161 161
6616111116 616 6116611111 Ι

11116161111616111666616,6611166116116111611666166 wie-
der 11161161 111611161666611611616111111 616166116161611111 die
Kirohe 161 116161661161-611166166 1616161666116161 611 6616611661

 

