Ἴν-

81111111,11111111.11111111111111111111111111111.1111111111.1111111. 111

eine 111111 111111111111 im 1111111111, 1111 im Provinzialrooht. ’

111111111111111181111111111 111111 1111111, 11 111111111.

Μ11 111111 11111 111. 2111111111111111-111111111111
311111111850 denken:

111. Der 11111 111111, 11111 1111111111 1111111111 Botheiligung

der 1111111111, 111 111 zahl 111 1111111111 1111111111 111

1111111111111111 an.

1111 111111 11111 111111 11111111, 1111111 111111111111
11111111111817, 58 und 60 111 111111111111111, 11111, 111111111-
111 (11111111111111111111 111111, 111111111111111111, 111 1111111111
11111, 1111 111 Betheiligung 111 (1111111111 noch 11111 1111111111
11111111 111 11111111 111 111111 81111 1111111111111 111111 111
“ ’11111111 11111111111111 1111111111111111 werdon 111111111111111-
1111111111 1111111, kann dieser 1111111 111 11111111111111111
111111111111111111 111111 1111111111 111111, 111111 111. 26. 111111
1111111111 11111 -1111111111 111111111111 - 8111111111 111-
1111111 111111 111. 112. 111 versassungs-Urkunde ist 1111111111

Β1111111111111 111111 111 16.11111111111111111111 11111111

11 111111111111111 Schul· und 111111111111111111 111 111 11111

1111111111111111111111.

111111111111111.21111111111111111111111 111111 11111111
1111111111,1111 1111111111 (11111 1111 ’111 111111111111111111111111·
11111 111 111 also 1111111111 11111111,111111111111111 111 eino
111111111111 111111 111111111111111111111111 giht, kann 1111 sala

1111111111111111111111 nieht ausgefasst 111111. 1111 1111111 111 ,
’ uberhaupt in dem 1111111111181111 11111 1111111111 111 1111 11-
(1111111111111 Wege‚ noch durch 111111 111111111111, 1111111 111
durch die (11111111111311111111111 111111.

 

