Ι1111 1111.1111.111.1.111111161611611111611116.11 1661111111 i

661111116116111 bestimmten Ρ6611111111111111 11611111 1111116 ’
11611611 11111 11111116311111 111166 1111661116666 16111361 11111611161
Ι11111611616111111. ,

16111611611111611 (111611131131111111111111113 6161 (1611116- ,
1116311311116111,66111111181161611111186131111311, 1166111
8111161611 6111 111 11661111111361Η111111311 11 3611316111 Weise
verbereiten

2. 861111 66161161366611111 161(161666616611111611161113 ³

· 6161161111,61116Ρ16116666116611111611116611,66 1111111 Superior
1611116111111161811111111 111611161611 1161111 116 (16161113113 166
Η66111111136161Β1661616 einhelen.

. 111111 11111116161611111 ein 111111 Η116 6111 eine neue
86111611 31111611611111661161, 1111 161 Superior 1111 6613111361 “
11111113 161 1111111166 116 (111111113113 166 Η66111111136161
31661616 1161111 61116161.

4. 1116166 1111 61116111661611113166Η66111111136161Β1161616
61111161, 1611 66 1611161113 616116111 eine 1616116 3631111616 8111161 ,
wieder enfnngeben.

‘5. 11111161 1111 61 11111 Serge 116311, 1166116 1116 66616
1611616111161116116111111 161016111 66116 1111161111113 1111111- ¹
3111161316111161 1161111111166 11 161 11161 116 81111111 1161316611161

Weise 1116131.

116611 111661116611616 111361111111 1111611111 111 Superior 66

116 66111 Ρ111611 61111111, 161Η6111111136111Β166161 1161 elle

wiehtigen Angelegenheiien 161 (11166661661111 11 Κ61111166 11 611161

’ 1111Η6611611661161 1111111116161161 6111111111161 111116116111161111611
1111161 81111 116 1161111116 6111616161.

ΙΙΙ. 86136 1111 166 3116111611 16161 111 1111161 der Geeeeeeneehaft.

Die 1161161113111116811611616 1661111 16111, 1166 61 616
1116111161 1611361111· 8611661616 ned Verqesetetee 111 111111113
161 1111131111 11161 861316311161, 111 11631116 3616111111161116 .
111111111113 161 116611611111161111611 11111166611661111 1666131
661. 1161666116111111 6111161

1. Den Sehwesiern des Μ11161111616 111116111111666116 111
einzelnen Stationen, 66 oft 661111 11131111 161, 16111131 1161 166 31161-
1111116111 helien, ihnen ihre 1163111 111 Verpfliehtungen 61111161
111 61111 61111361 Β116131113 111 81111161 111 113166111113 11-
’ 11111161.

2. 1111111 deifer Serge 111361, 1166 111 jedes Η1116 11 36613-
16161 W eise 111 1161 161166111111361111161661161111116 111

 

