811111111111111111110111111111111111 1111111111 vom 7. 1111. 1817.Ι 41 ,

· 1111111111111111111111111 178 11111 11. 1111 sedne 1111111 201 11. 1611.
11111111.
dhe 1111111111 Urhunden begrdnden die 1111111111 111111111111, 1111
111 1111111111 1111111111, wie 1111 111 1111111111 1118111111111 1111111111
1111111111111111 11111111 11 ihren] Berichte 11 111111. ministerium des 1111111
11111.1111 1814 11 11111111 111 111111111111 01111111111111111,111111.
0111111111, 01111· 1118111111111111 zu 11111111111111. 1111111111, 111 1111111-
111111. 111111 virginis 1111111 11 111111111111, welche 1111 Genehmdgung des
1111111111111111 11111111 8111111111 und gleichzeitigen Herrn der 6111111111
11111111111111111,111111111111111, 111111111111111 11111111. 811111 11111
51111111, 111 111 111 11111111 11111 111 [1111111111 11111111 111211111117011
1111111111 111111 111111111111 1111111111 011111 reginen 200 d. 1111111111 1111
1111111, 11111 111 auch 11111111111111111 11111111111111 11111111111111 11111111
worden sein, jedennnrs 111 111111111111111111 111 11111111111111 11111111111
und 11111111 200 d. des 1111111 1111111 1111111111181111111111111111111111
1111111111111111 1111 1111 111 1111111111111 111 01111111111111111111 durch
ihre 1111111111 verder, so 11111 1111 dhre 8111111111 11111111111111 Person
111111111111. 111 111 11111111111111 in 1111111111 11111111111111,1111111111
1111111111 711111111111111111, 111111111111 1111111111111111 111111111 11111111,
1111111111 werden, und 11111111 nach 11111111 111Κ1111111111111 11111
1111111111 1111111111 1111111111111111,
1111111111111111 1111111111111 1111111. §. 331.
11 kann 111 1111111111111 1111111111111111 11111111 111111111111111111111
und 11111111 111111111111111 von 11111111111111111 1111 11111111111111
9. 0111111 18111 1111111111 11111111 werden. 1111 1111111111, 1111 111 der
1111111111111111111 in 11111 111111111,1111111111111111 111 1111111111 111
111111111111111111111111111111 in 11111111111111111111111, 1111111111 die
1111111111 111-’1111111111 11111 11 1111 11111111, 11 die 111111111111111111
111 11111111111111111111111 11111111111111 1111111111 1111118111111111111
1111111 1111111 werden 11111111 111 111 111111111111111111111111111111 111111,
1111 11111 1111111111 111 11111111111111 1111111111111111111111111111 ins
Benehmen 11111111, 111111111111111111 11111111111111111 wege zu 1111111111.
1111111111111111 1111111 1111111111 11111111 111 111 11111111111111111
1111111111 11. 119. 1171111111 die 1111111 111111111111111111111111 werden.
zur 111111111111
1111111111111111 111111- 111 11111111111111111111111.
’ (111.) 1111111.

· Urthedl. ,
· 11811111 .
1111111111111111111111,1111111111 111 1111111111 011111111111111111, 11111111,
’ 1111111111, (11111111111111,
11111
111 111111111111111111 1111111111111111 11111111 111 1111111111 1111111111111·
fonds zu 1111111111, 1111111111, 1111111111, 01111111111111,

1111111111 11111111111111111111 111111

1111111111. .
1111 111111 11111111 1111111111. 1111111111111111111111111111 28. december 18115
111. 1111. 1111111111 , “ -

 

