290 veluncec 1111 eloethe-hen 1131111111 vem 15. November 1111.

12. October 1. J. vom 113113331133-0331131 33131333 Wahl 133 111-
13133 1131 113113331133-113111133333Β131311133111,1333 (133113111-
111331 33311113 331 3131113 131, 331 11133 eus 131311331311311131
(1311111113 31311 113 Β3311113333 1311133131333 31131133 1311

1333 3311131 33131 331313313311313313131113331 3331113113-
33311311311 131133133 331, 1311Β131311133111 1331313311 331 (133

, 1133113 131133333, 331 33311131 weniger (113113111331131131113-

31313, 3131 31133 apostelisehen 81313113 331133,33111333 1333 133 “
0331131 13131131131 e‚wer 33 813113 31331 3331111333, und 311311113-
313133133 Wehl 3133 333311311331131313133,1313113 durch 113131-
3133111333333 3111 3133133113 331 11331131111111311311 33133331

13 13133113 13111133133131111331.1)3113113 13113113131131
331 (113 11331313333- 033113133133 13111313 1333131111 113311 13. (25 Nc-
vember) 1861111. 5409-11912 313113 3133 11331313331333133
Ρ1113133 1131133111 33333131 1311 ·

Η31 133 Μ31133311133- (1331111331 1133 1311331311133 Α

Dese der 1133333 an 133 333313133133 Stuhl 33111313 3313111133

8311311333 3131113313331113113, (11333133131133331133113 (133 113-
313333313 Zweilel 13113133, eundern 133331133 13 33331 11113131 331
313331113131113133,11131313131331 31311333 mil 133 313313113 313·-
133111113333 11331133 133111131313 331331331331

131311 133 Μ31 1133311133- -Oapitel' 1n 11313333 131 33331111133 Ar-
111311330333311313133133131111113133 Ausepruch 13111311333113-
keil 131133113131333 131 1133131313 13111311 133 113311 ulcr-Vicere
13131, 3313131331 ee⁴ 31311 (113331133 mittes 1331331313 31111133
331 3331313333, 3331313 111131113 Ι11331313333-11313131113133,31313113
’ · 331113311131311111133333, welche in 313313 3313133 13113 311113 3131,
13131 3333131133133 8131113 131133333, 313 31311333 3311331331331133-
1333313111331131331113313,3313133 11113131,133 (1311131333 131
11133133 13 1313113331 ’

1333, wenn man 3331· 1111 concordate 3133 1847 einen 1111113133
11111131 1131 1131111133311311311 133 1331133333 1311133131333133
Wahl dee 33311331-11131313113, 133333 1331 31311131333 11113,
1333 (113 131Ρ31333 133 1131111133 13113133313 Β3311113333133113-

. 3133333 11311311 13133113333311113333313, 1131313131 13131 Mog-

1131111311 31331 1313311333, 31 13111111113133 131 1133131333 enge·
33131333 werden 311313 oder 31311, 3331 3333313313 1313311111 vor·
. gencmmen, dadurch 3311311311133113 313331113113111313113133-
Ἦοῐᾶθ133ζῆ113 1131331313 8311333 1311133131333,113 33133133311311
anzuerkcnnen, wohl deren Wirksamkeit, (1. 1. 113 1113111333311333 131

 

