38⁵ 11111, 111 1111111111 111 minim 11111· 111 11111 sinuata.

61111111191111 Batinus Kreit- 111111 Halyattii 0111111111.
Appellamus-senat.
uniet.
11111111
111 111111111111 1111111 mter iemetuns 111 1111111111111111111111111111111,
1111111111, 1111111111
, 'tem
1111111111111111111 ι1 11111111111111111111111111111 1111111. 111111111111
1111111111, 11111111, 1111111111 .
1111111111 11111111111111 111111
111111 11111 1111.
1111 111 1111111111 11111111111111111111111111 1111111111111111
‘ 1111 11111111 111 111111111111111111111 11111111 vom 2⁸. 1111111111 v. 1.
“ 111. titi.. basatensi: »1111111111ιί1 111111111111111111111111, 11111111111111111
in 111 1111111111 1111111111111, 11111111111111 11111 11111111111
111111111111111111 111111111111 111 111 1111111111 811111111111111111;
1111111111 111 1111111111 1111111111 111111 11ι1111111111 1111 11 1111111111,
1111 1111111111111 111 1111111111 1111111111 111111· 111 111111111111111111 von
(111111111ιὶ1 1111111111 111 1111111 111111; auth 1111 111 11111111 1111 1111
1111111 111111 111111111· 11 1111111
1111111 ιιι 11111111 111111 11111111111111111111 11111111111111111
111111111111111111111111111111111111 anicetum 111 1111 1111 1111111111
1111111111111 11111111.
51111111111
constant: tien 11111 iiiiii.
(1111111111. (tls.) (111.) itera.
11111111. ·

(11111111.

1111111111 111 1111111111 11111, 1111 111111111111111111111111111111-
11111111111111 iiiii gestitet 111 111 itemst. 11111111111111111111111111·
11111 1111111111 1111111111 11111 111 1111111111111111111111 1111111111 111
1111111111111111111 0111111 1111 111 1111 1111111, 111111 1111 111 111111111 111
11111111 1111111111

1) 111111 1111111 1111111111. 1111111111111, 111111111111 111 1111111111 111

11111111111111111111. 111 111 tamen 1111-1111.

’ 1111 11111 1111111111 11111111 (1111 111111111111111 1111111111. 15-11,
1111111111111; 11111111111111 1111111111
wie 1111
11111 11 obligationes.
111 st. 1111111111111 1111111 11 1111111111
“ 11 -
11111 11 11111

111111 111. 101 ’

»iulius 111 12. Si. 1111111 magdalenae ieiertag« »Antio 1691. 11111111
1111111111111 ibitis 81111111 111111111121.11111 solemni 111 11 11111111
111111111111111 instituit 111111111111111111 B. 11. V. 11 111111 carmelo, 1111111·
111111 111 1111111111. Tertia 11111111 1111111111 mensis 11 11111111111111111
cirta 1111111111 111. 111111 1111111111 sub 111111 quae 111 1119111111111111

 

