M 111111, Des 111111111111 111 1111111111811111· 111 11111111 1111111111.

111111111111111111 111 1111111111 111111111111 8111111 111 1111111111 111
11111111 1111111111 11111 bei 11111111111,1111 1111111 11 1111 111111111111111
81111111 11111111 111111 1111111111 11111111 111111 1111111111 wer, 111 11111 111111
111111 111 1111111111 1111111111 aseheim, 111 11 111111 benennon 111111 111 11111

. 11111111 111111111111 11111111111111111111 1111111111 1111111111111111111111111111, 1

dese 111 denen 1111111111 111 1111111111 1111111 1111111111 worden 1111, - 11
beben 111 11111 11111111111111111111111111111 1111111111111111111111111111
111 11111111 wenrnenmnnnen 111111111111111111111111 1111111111111111-
sigen 1111111 gleiene 1111111111.

8111911119 1. 1. 0. 1. 295, 11. 43 ff. 15 1.

11111111, 1111111111. 209 1. 21911.

Dans die ln Frage 1111111111 1111111111111111111 15. 1. 111. 1111111111,
11111111111111111 1111111 1111111111, 111 111111111111111111111111111111111111
· 1111111 11 1111111111. 11111111111111111 111 1111111111 1111111111111111111111
1111111ιί1111 11111 1111111111 11111 1111 1111111111 1111111111, -· wovon die
1111111 111111111111111 1111 111111111111111111111111111111111111 1111111111
111 111 1111111 desselben ein 111111111111111111111- 11111111 111 1111 11111
1111111111111111 1111111111 111111 1111111111 Persen, 111 111 11111111 111
111111111111111 11111 sehon 11111111111111111111111 Person, 11111111 eines vereneb
gensffihigen 1111111111 corpus, 111 causa).

Μ. 11111. Sensimus, system 111. 11. §. 811, §. 811, 1111111. 5.,111.
Schulte, 111111. 1111111111111514. S. 185 11.

1111 [11111111 1111, dass die stinung zu 11111111111111111111 1111 111011
1111111111 1111111111 111, - was 1111111111 1111 voraussenzung 1111. 5. 1. 111.
111111 - engib't sich, ebgleieh eigentliehe ,81111111 111 snnung 111111 1111111111,
111 1111111111 des 11111111111 Vereins, nus 111111111111111 111 1111111111 111·
selben als 111 111 st. Blesien‚ aus 11111111111111111 Thntsnche‚ dnss 1111111111·
11111111, welche 11 111111111111111111111111 gnossen 1111111 sich gebildet 111111,
vereinigungen 111 111111 zum 1111111 1111111111 1111111111 11111111111111111111-
1111111 sind, ’ ’ “

11. 11111. Walter, 111111111111111. 311·
Schelle 1. 1. 0111 S. 115.
· Richter, 1111111111111 §. 282. 1. 111.

111111111111111 111 11111111111111, 1111111 111 1111111111 1111111111111
1111111111111111111111111111, 1111111 sie 111111 11111111111111, 11111 besonders
ausgezeicnneten ’1111111111 an 111111111111111111111111111111111, 11111111111111111
1111111111111111 1111111111 1111111. Die zustissung Oberle’s 111111111 1111111111
nach s. 5. 1. 111. 1111. 1111111111111111511 1111111 sie zu 111111 1111111 ge·
meent 1111111111- 111 11111111 1111 1111111 111, wie die 11 111 111111 1111-
11111111 111111111111111111, 111 111111 111 111111111111111111, auch die 11111-
111111111 111 1111111111 111 111111111111111 stertens 11.

1111 1111111111, 111 1111111111 111111111111 1111 seit 18111 1111111111 11
11111111, 111 §— 5. 1. 111. 1111111 abenner 111 111111111860 111111111111
11111111111111 111 s. 11. 111 11111111 kenne 11111 1111111111111 1111111111-
1111111111 8111111111 1111 11111 111 1111 1119111111111 111111111111111111
11111111111111111111-111111111111 1111111111. wie 11111 1111111111 111111
111 11111111 11111 1111111 11111111111111111111111 1111111111 11111 111111-

111111111 111 11111111 1111111111 1111111111 111111 11111,

 

