· Ἵ166 6616111161616 us 1611161111 111661111161611611161116. 191=

6666116 1161666 611 116166 166616116966, 1111 Ρ11161 666 69961, “

166666666666666666166661666616 666 16116166 6116611166 1116666
6696166161 66611166 616 66 661616616116616116166696616166161616,
666 6666966666166, 661 61666Ρ1111169166 661 666666161666 1111166666

661 von ihr 6696616666611611616 661 61166 6111611166 -- 1611616616 ’

11711161 661 616616 661 sog. 9116616161666 6161661166.

66611666166666 61166 1666116116 661661 16 661166196166 Ver-
bindung, weil 661 1611611669 666 Ρ161616, 666166669666166 6611111161·
6166611169 desselben 661 appel 6661166 66666 6616661 Fusae folgte.
11661116 6661161166 6111666611161611, 116 66169961 comme d'abus ge-

· 1166666616666161666666961166661116166. Η16116166616666 6166 .

auch 616 611116 666 Ρ6116616616 66 Ρ6116 166 6661116166 1647, 1703,

¹ ’ 1716, 1764 6. 61) 11666 66611161 611 6666966 6611666669 666Ρ11-

6611 666 661 199616 nomme 6611116 616 Lago 661 11116116 16 1166616166
6166 6166116666 6616666666, 16161661 6166 6196661166 von selbst.

616 161 6611611666, 6666 61666 Lage gerade 6611 jener 6611 6111111666 ’
116166, 116 66166666616666 1116166 durch 616 pragma 116166 66611166
166 6661966 (1438) 616 1111616666 1616 6696616111 1661 66 61666
666616.

s Der 1166196611 VII. 66116 66161116 61666 6611111661 661 61 666
816666 6661 Ρ611661666 6 gest 16;611 16166 war 616 61666 96661 1611166 Grund-
lage 661 61661666669 666 Ρ6116166616 16 616 6616111666 669616966-

661166, 1161611 66666166 916116 6616696 61666 666366666166 (1661116611
1661666 ²).

6661 6616 fing das Ρ611661661 66,. 616 ’661661 6661191611 durch
616 pragmatische 66611166 9661666166 11166666 66 6661616161166. Und
, 6166116161 161 11611516 616 Pragmatik aufgehoben worden war,

1661 6111 der 1666111111 16 1161611111 1161611161 66116166 66 11161 1111611116 116116
6166161611 16611166 6666 11161166 sim 1116111161 111611 in 1111111116, 11611116, ,
6166161166, 1161611 6. 6. w. 611661, 611111 616 111116 1161 161616 16161111 11111111
1611116116116 666 6161616661611161166616666661166611, 1116 8111166 666 Ar·
1616,1166111111111; 611161 6111116161 Fr. 2991661111 1611161161. 116111. enarratio,
1161 1611116111. 16; ,1611166611 (111116) 1666111116666 111 111616 ·1111616616661111;
mque 16 111111611111111161611611, eui ’1111116111 Provincia submit.“ κ

1) 11111116 111 11 61111611 661 11161161 61111161 6116116166. 11611111
6616111161 1111111116 11111 1716 6666161111111616161111 661 Van 619111 1. 1.
61016 ,61 cour 111. 611. 1611· 1116 expresses 1661616661 1161116611 111666
1611161616· 1116166611 6111111111 11161116111161111111, 116616 16 11111111 1616666
nunes ou 111611 61 cour 66 116161, 6166 1111116 11116166 66 1111· 111. 611.

1)6161666119,· 11111 1161616116· 6611 6111611116 1611161616 111 111.Ι 16 der
61116161. t. 1111111661 116 11611 111 ·.·111111 · · -

 

