1131131 111111 des concordares. 457

13131, 1131311111 den Verderreihen slehen, 1111131133 die 33113

1113113113 11131Β33113111331 131131;1 1331 1311 11333 11131 331131
111 1111331111131113 33131311, 31 wird 1331 11 131 Sache 113113
131111133111311. 1113111 3133 113113133131311131 1111311313113131
in diesem 3113131 1133111313 ihre Β11111133113131, 31111131 313
3113 Ρ11131133331 (1311111 113 11113131, 13131 313 113 11133133
113131 Η11131 33111131, 3113 Ρ111311 33331 111313 1111133111 111 113
1131311111, 3113 Ρ11311 1131 333311313, welche 31113 3111113131
(1111111331 133 11313133 Η111 1113331.

113111133 1131311313113113 11133111113113111311111 13113 1122
durch einen 1311113 133111331, welchen Papsl Calirlus ΙΙ. mil
Kaieer Heinrich V. zu Wcrnrs einging. Man 111113 111 331331-
datum, 113131131311131113, 1113311 dieser 1311 313313 1131 113
13111133, durch welche Sicci 1111111313 31311131111333331331-
113311133111313 131311111331, (131331111311131131. Das 11311131
3133 311 3311 31133, 113 81313131 noch 11131. Κ311 13111111311131
33 11313 0313311313 3333131 wie 113 1311131111 1111113131 11133113
1311111113, 1131 3113 81311311113313 111 11311313 Republiken
Amerihu’s 1313131 1131. Sc 131331131311130111113131113331111-
131 11 Β311311 ihrer 8131111311111313111131311113131131 waren, sie
3113113113133 111 1113311311131, 1333131 Papsl durch den eingegan·
33131 1311113 1113131 111 3311311311313313113 Verpflichlungr'iber-
nehme, ron welcher 31 3131113111331 Β3113131 1331133131 11113;
33131 1111313 113 31113 1111111113113311333313331. Sie 311331
·= ven 1311311133311113 113, 1331111313 11111131331131131131331
11333113 331131 1311 wie 111131 313 33131131] heiligen Sluhle 11-
Ι1111131 111131, 3131 113 131 11131 331311311313131131111311111-
133311 1313111111 331 113311, 1133133131331111311 1131311311
811113 3333113333131 113133111331 11311113 331, 11131 welchen 131131-
den 11311311133113 erworben 111 1133113131111111311131131111311311-
1131111131. Um 113331113131 11111131, 11133 man 331131111311
11 11331131 1311131, durch welche 133 1311133313311 11 331131

(1111133131 31331111311 wird; aber 111 11311113 111 1133111111 be-
1111113 (133311331111.

113 313113 13113133111131,1113 11131 813313131111331, 113
11131 1113111331 11133111131113111131ς 11311 1111131 111 1313111311
11111311 111111313133113111113131. Alleiu 133 11111311331111133
111311 0313311111 1133113 Η3111313 131 1111113131 11 3311113131,131
113 vcr 11331111 3111 1311311113113113111 1311111 3313111131. Als
11111111311033131131313 111313 131133311311311 13111131 welhe, um
11133 3313313 Ρ1113 11311111131. 1111311111311131113113 133 Frie-
131311131331113111131311113113133111311, 1103313113131 3311113113 .
11311131311131 1311 1111313 31133 331111113131133133, 111 313 11
13113131, 3313113113313111333111311. 113111 13113 1855 113 (131-
331131 31331131, 113111131131 1131131131 13111111311331311313111131
11333113 ’1113113113 133331131; 31331131313111311111 3113 1111113
311113331,131313313 bislrer 311113 3311111311 131131, 3111311133131
1131113 Β333131133, 113 111131133131131111 werde dem Η3333 33331
0113113131, 131313111311131 113311311111131, 111 11131113 31133331- “

 

