478 lirense der helenelehlsehen 31331113 333 1353313313 1867

1133113131 es 3311133131 3131313 8311 13113113, 13131 113 31 die
Weli 33 1331313133 33111333· 1113 1113113131 1333 13 0331333131 31311
333131311 3333313333 3333331, 11383313 3131311133113311 ,131133
13133 33331313313133 1133133333 333131131, 3311331 im Namen
1331113131131333. Μ3331133, 113 33133131111313 3131 3131331 um
, 1338313333313111131331133, 131 33 31313 gegeben, 331 11131133 313
, 3131 1133333 31311. Der 3333313 8311331311 1111131 3131 133333. 1)33
11113313 311313 331133333 331 333133131 ihm die hhehsie Weisheih3
Wer ihr nn 1311133333133131111, 3131131,13133313131, 33 dem
Glhehe 131 8113131333 331 131 8133133. Je mehr 131 Μ33331 3313
ganzes 813333 331 11331133 331 113 8133111333 1311113131 (111131 1131-
131, 13313 3113113131 31111 31 je 331131 11333 (133133333 3131 331-
1131131, 1331311131313131 133 1131133 Μ3311 331 1131113111. Dareus
3131113131 3131 33311313313311, 1333 113 Religion, welche 133 Men·
sehon 33133113 1113133 131331, finden 1113331333 331 133 81331 33311-
1131113 331. Doeh 1311 1133333131331333333 1313111333 131Β31311-
331333 131 (1313111131 31331313 3331 1333 131 Μ33331 111111 unwill-
kiirlieh 3131 gedrungen iiber den Zueammenheng der Dirige eine An·
3131133 haben. Kanm 3331 3133131 Η333 133 (111131331131331313
Feldrnfe 31331Ρ31131333331133, 331131 3313313111113 Wehn 131131,
1333 1338133331111113331133 1311133331. 11333131 1333 11311131
(131133 331 des (1313133 13113, 3131 131 Ρ111311 331 133 11331133 3133-
13113; 333131131331331111311311 131 13331313311313 mehr, 1331 333
131 11311311 eben 33 33313. 1131311 131 jeder 3311133133Ρ31131 der
Mund geschlessen‚ 1333313 muse ohne 1131311333 1113113 11333133, 113
3133 133 Β33333313313 333 Ρ111311331 113311, 333 331 331 1133 313
13313183131131133. Der Liberalismus 11331 durch die Widersprriehe,
denen er 1313131 33131311111,3131 313111311131. 1331 131131131
31311 33131313, 1333 1333 den (13133133 313 833131133 (133 (13111333
helenae, 1133 3331 er 31311; 1331 311311311, 1333 3133113Μ13331
113333 Β313331313333 313 1133313 133 1311331111133331Ρ1133131131
Wissensehafi 3313113, ,1333 3131, welche ihre grehen Trngeehlirsee
331133133, Vertheidiger 133 Aherglaubens 3313113. Die Wissensehafl
1333 3331 seber Vieles im (13113133 3313, 1311 131 Religion 131 313 131113.
83331131113113113311111, 331 11313131 133111311131 3133133 Zu-
3311333111 13311113313 3113131313133. 111333 (133133333 3311 333
1131133331 33313131 3111133 ersten 33133331131111313133 Κ3331313333
111111111131111 nennenihilnhil
Der Sinai 131 3311 3313 (111313, 113 ι1333311111333 313 111333, 133
1111113 333 831333 131, 33131331313, 331 113 33131313 81313 133113- ᾗ
1311131133131 31311 jere, 113113 331 3113133133 1311111. 1113 8313133,
wo die 11313333311313 133 133333113133 111333333313111331133, be· r
3311113133 3131 13331 331 3133311 133313113333 Μ333 333 Κ3331313333;
1331 der Κ1313, 331 133111 81311333 3131313113311, 131 313 33 3331131,
1333 113 81311311333 3311311333131331133 fiir die 1133111313111311-
13111 313333 Β31331333 131, 331 131331 11333 113813313333311131-
13311333111311 331 8113313313333131, 3313311311 313 111318331333
1331Η3113131 (1333133131. Allein 31311 331 131 81331, 3331 113

 

