42 Mans, 1111 11111111111111111111111111181111· 111 111111 8111111111.

11111 11111111 111 1111 111 1111111111 1111111111111111111111 1111111111 -
111 11111111111111111111111;1
111111 111111 1111111111 11111111 111 111111111111111111111· 1111111·
111111101111111,1111111111·,81111 1111 1111111111 117111111111111
1111111111111111111111 1111111111 111 111111111111111111111 11 11111111,
111111111111111 1111111111 111111 1111111111111111111111 111 11 11·
1111111, 1111 1111 1111111111 111 111111111111111111111111· 111 1111111111-
1111111 111 111 11111111 1111111111111111111 111111, 11111 1111111111-
111111 1111 111 11111111111111 1111111111 1111111111

, 11111111·

111111 vom 1111111111 1111111111 011111111111111 11111 11111111111111111111111
111 111111111111111111 111111111111111 11111111 11111111

nas 11111111 11111111111111111111111111· 111 111111111111 (31111111, 11111·
1111111· 111111 vom 1. 1111 18111 111 111111111111111111 1111111111 11 1111111111
1111 1111111111 1111111 11 1111111111 1111111 11 1111111111.

1111 11111-1111111111 111111111111111 111 1111111111 11111111 11 11111111,
111111111111 111 1111111111 fonds 11111 111111 111111111111 111 1111111111,
11111111 1111111111 1111111111111111111111 111111· 111 111111111111111111 ver·
1111111 111 1111111111 111111, 1111 111111 111 111111111111 111 11111111 111111
11111111111111111. .

1. R. W.
111111 1111111111 111 111111 11111111 11111 1111111111111111111111111·
11111111 111 1111 1111 111111111 1111111111111111111111111 worden.
So 1111111111
1111111111, 1111111111 1117.
(1111111111111 1111111111 111111111111111.
(18.) ·
111. 1111111111. 8111.

111111111111111111111111111.
, [1111111111 1111111111111111111111·111111 1111111111 1111111111 111111
’11111 111 11111111111111.

was 11111111 111 11111, 11 111 1111111111111111111 111 1111111111 111
111111111111 1111111111111 1111111111 1111, 11111111, 11 111 11111111 1111111111, weil
111 1111 1111111 1111111. 111 11111111 vom 1111111111 111111111111111
1111111111111 1111111 11111111111111 1111111111 1111111111111111111111 vom
1ο. November 1111, -111111111111111 111 1111111111111111111111111111 11·
11111111, - in 1, 111111111111111111111· Frage: 111 1111111111 111 1111111111Ι
11111111111111111111111111111111, 1111111111 11111 111 111 (11111111 1111111111,
111 weil 11 11111111 1111 1111111111 1111111111111111111111111 11 fem im streite .
11111, 111 11 1111 1111111111111111111111 111111 111 1111111111 11111 111 1111-
1111 1111111,11111111111111 1111111111 11111111 11111111 11 11111 1111111·
1111 11111111 gemacht 111111111111111111111111 eine 11111111 1111111111 111111
1111 111 1111111111 11 1111 11111,11111111911111111111111111 111 111111111-
111111111 11 1111111111. ’

11 1111111 11111 111111 1111111111 11111111111111 11111111111111
11111111111111111 11111111 11111111111111111111 1111111 111 1111111111
1111111111111 111 111111111111111111-11111111111,111 1111111111, - 111 11·
111111111111111 111111111111111111111111111111111 111111111 1111111, 11111111
111111111111111 1111111111111 111 1111111111111111111111 111 11111 1111111--

 

