116161666111611161161116611116161 111666116111 11611161, ’15

welche 116 16111 1111161 1111 161866111161666166 61161611611611116161

8161161166111611166111161611,116 166616161611616116161111111 ·

zur Κ6111’11166 1616111161 111 161 611. Ι. 1616111611 86661611 611 116

816161161 66116 116 116616111161611616 61 116 Ρ6166161- 1161611
16166116161116661μζ .

8168161611611. 1118. 6111 im 11116 18611 1616111161 16-
66116161 1161161, 1616161611 111 16116 1861 wieder 1616111161, 611
11611 161 116 1111 J 111 1866 mit einander 161611, 6611611 6161
11111 einander 616 in 1611 16116 1865 16161616681116116611; 161
16116166116161616111111611161 1611618611166 6116161161 8166111161-
161616 1611611 8161611611611611161 6116 1116116 estatio worden.

Im Juli 1866 166116116166116 611 8111616661111, 11611161

, 1611161111 161, 1111611611611 111,116616 ihm 1166116116161

116116111161161 1111, 66181611 des ehegeriohtliohen Soheidungsur·

² 1161166 116 1111611116 11 66116 1111611111.

1116116111 16111116 (1161111116 1666161616 Wiedervereinigung 61, “ 1
’1616111161161181616116116 61181161111166; 1666116 11166161161 ’ ’ ’
816161161 61616611661616 8611611111 61666111111166111161116116161111 “ ’

16186116161111161161 6661, 616 wieder 1n 11661611616 (1611166161
aufzunehmen

86 61161611 116 8161616 Isi der oar 16 611 61111 166 8616111116- ·
111161661611161161860 1661 1616611111, 6161616161661161 661111 , .
1666116161 611166161 - 6111166161166 8161611611 auf 166 Be-
161161 1616161111 11 6111611611 ’

Die Wiedorvereinigung 166611611 offendar 11611 6161 16161 116
1111611111 161661161 161 dem competenter] Richter, 6611611 161111611
6161 1161111111 161 116661 1111611111, 11161161666161111161811-
6611166 161 6161161, 161161 1116116161 116 Scheidung 611161111161
8111111166, 611666116111116161, 111161111161161661161611111661611,
6611611 ihren vor (16116611161611611611116161 eheliehen Ρ1161161
wieder 11611116161. 11 ἱ diesem 81116 6611 6161 116 8161611116
Ρ6166161-Ι1611161161;

1116661 6111161611 conjugum 61116 opus 661 6611611161111616, ·
661 apud 6111 16111111161611116 compositio 1661616116 661, uod 11111611

¹ 61 161. 66116 6616661 616166616161611161111, oa ‘

¹ 166(111611616111161866111166161116611611111. 861111161616161Ι

1616116161 8616116111 61161161 muse.
116166 161 16661161616661161 11161116 Wiedervereinigung
1116111111 1618611616 11161611, 1666 616 6116 661611 111111 1611116166

6116111668611166161161666161166161116116611611111116111611161, ,

 

